[0,*,1]
[0,P,2]
[1,z,3]
[2,#,0]
[3,<,4]
[4,k,5]
[4,I,6]
[5,>,-2]
[6,>,7]
[7,c,8]
[7,d,9]
[7,l,10]
[7,n,11]
[7,A,12]
[7,B,13]
[8,0,-4]
[8,m,-4]
[9,0,-5]
[9,m,-5]
[10,0,-6]
[10,m,-6]
[11,0,-7]
[11,m,-7]
[12,#,-1]
[13,0,14]
[13,m,15]
[13,C,16]
[14,(,-9]
[15,(,-8]
[16,(,17]
[17,),18]
[18,{,19]
[19,r,-18]
[19,},-18]
[19,0,20]
[19,c,21]
[19,d,22]
[19,l,23]
[19,n,24]
[19,w,25]
[19,D,26]
[19,E,27]
[19,T,28]
[19,W,29]
[19,X,30]
[20,=,31]
[21,0,-10]
[22,0,-11]
[23,0,-12]
[24,0,-13]
[25,(,32]
[26,0,33]
[26,N,34]
[27,},-24]
[27,r,35]
[27,R,36]
[28,r,-18]
[28,},-18]
[28,0,20]
[28,c,21]
[28,d,22]
[28,l,23]
[28,n,24]
[28,w,25]
[28,D,26]
[28,E,37]
[28,T,28]
[28,W,29]
[28,X,30]
[29,r,-18]
[29,},-18]
[29,0,20]
[29,c,21]
[29,d,22]
[29,l,23]
[29,n,24]
[29,w,25]
[29,D,26]
[29,E,38]
[29,T,28]
[29,W,29]
[29,X,30]
[30,r,-18]
[30,},-18]
[30,0,20]
[30,c,21]
[30,d,22]
[30,l,23]
[30,n,24]
[30,w,25]
[30,D,26]
[30,E,39]
[30,T,28]
[30,W,29]
[30,X,30]
[31,0,40]
[31,1,41]
[31,Y,42]
[32,1,43]
[33,;,-20]
[33,,,44]
[34,;,45]
[34,Z,46]
[35,1,47]
[36,},48]
[37,r,-17]
[37,},-17]
[38,r,-15]
[38,},-15]
[39,r,-16]
[39,},-16]
[40,+,-28]
[40,-,-28]
[41,+,-29]
[41,-,-29]
[42,*,49]
[42,+,50]
[42,-,51]
[42,/,52]
[42,Q,53]
[43,),54]
[44,0,33]
[44,N,55]
[45,0,-22]
[45,c,-22]
[45,d,-22]
[45,l,-22]
[45,n,-22]
[45,w,-22]
[45,r,-22]
[45,},-22]
[46,0,-19]
[46,c,-19]
[46,d,-19]
[46,l,-19]
[46,n,-19]
[46,w,-19]
[46,r,-19]
[46,},-19]
[47,;,56]
[48,#,-3]
[49,0,-33]
[49,1,-33]
[50,0,-30]
[50,1,-30]
[51,0,-31]
[51,1,-31]
[52,0,-32]
[52,1,-32]
[53,0,57]
[53,1,58]
[53,Y,59]
[54,{,60]
[55,;,-21]
[56,},-23]
[57,;,-28]
[58,;,-29]
[59,;,61]
[60,},-18]
[60,0,62]
[60,c,21]
[60,d,22]
[60,l,23]
[60,n,24]
[60,w,63]
[60,D,64]
[60,E,65]
[60,T,66]
[60,W,67]
[60,X,68]
[61,0,-27]
[61,c,-27]
[61,d,-27]
[61,l,-27]
[61,n,-27]
[61,w,-27]
[61,r,-27]
[61,},-27]
[62,=,69]
[63,(,70]
[64,0,33]
[64,N,71]
[65,},72]
[66,},-18]
[66,0,62]
[66,c,21]
[66,d,22]
[66,l,23]
[66,n,24]
[66,w,63]
[66,D,64]
[66,E,73]
[66,T,66]
[66,W,67]
[66,X,68]
[67,},-18]
[67,0,62]
[67,c,21]
[67,d,22]
[67,l,23]
[67,n,24]
[67,w,63]
[67,D,64]
[67,E,74]
[67,T,66]
[67,W,67]
[67,X,68]
[68,},-18]
[68,0,62]
[68,c,21]
[68,d,22]
[68,l,23]
[68,n,24]
[68,w,63]
[68,D,64]
[68,E,75]
[68,T,66]
[68,W,67]
[68,X,68]
[69,0,40]
[69,1,41]
[69,Y,76]
[70,1,77]
[71,;,78]
[71,Z,79]
[72,0,-25]
[72,c,-25]
[72,d,-25]
[72,l,-25]
[72,n,-25]
[72,w,-25]
[72,r,-25]
[72,},-25]
[73,},-17]
[74,},-15]
[75,},-16]
[76,*,49]
[76,+,50]
[76,-,51]
[76,/,52]
[76,Q,80]
[77,),81]
[78,0,-22]
[78,c,-22]
[78,d,-22]
[78,l,-22]
[78,n,-22]
[78,w,-22]
[78,},-22]
[79,0,-19]
[79,c,-19]
[79,d,-19]
[79,l,-19]
[79,n,-19]
[79,w,-19]
[79,},-19]
[80,0,57]
[80,1,58]
[80,Y,82]
[81,{,83]
[82,;,84]
[83,},-18]
[83,0,62]
[83,c,21]
[83,d,22]
[83,l,23]
[83,n,24]
[83,w,63]
[83,D,64]
[83,E,85]
[83,T,66]
[83,W,67]
[83,X,68]
[84,0,-27]
[84,c,-27]
[84,d,-27]
[84,l,-27]
[84,n,-27]
[84,w,-27]
[84,},-27]
[85,},86]
[86,0,-25]
[86,c,-25]
[86,d,-25]
[86,l,-25]
[86,n,-25]
[86,w,-25]
[86,},-25]
